282287840
553511970
575863
706402791
5710829964
93330342
6634425074
7849120969
7169784852
2037335588
870434094
862023258
7780741634
6316376597
925080907
1073078628
7538742340
666735070
537482707
6713097676
8299313596
818333045
874494122
6071107424
1748256158
8120498384
203450003
1540685079
1100952664
854118932
536531810
161717406
1566034003
7518491974
598038869
985906153
654615380
7308887716
938599393
1017218498
672619021
1697189095
85042529
5619272031
1110682302
391363367
636045728
909434377
1032199981
772153630
5135822446
911941221
1881793800
6578415824
8078767178
1238807618
6454498654
82492975
7669540086
902429450
993947358
7537508589
439090453
1398490902
420222600
946070039
381496690
183475989
750175181
1439824385
1895433333
5589391815
389360872
528712661
6454770664
6660555964
7955905703
1569983587
5367809635
1714120111
7331258425
7813541093
6620863565
207519370
6447825491
6105724253
1824570211
495003087
13485999
891287445
1274859388
5497081678
7840851378
472051341
828803474
314270023
1634308
5154162908
298313865
1089306923
867828078
1427469325
1636887
7701851427
8221369765
1603599923
8251537927
5053734180
5918657848
1367643288
1727165608
1930027032
6170128525
397980509
1166277416
5549706500
953860978
8566151564
59017875
8263138233
6401798370
6456161878
7197680581
852484444
1234966589
1363625148
1004685048
6732788452
7562549795
743222906
1463418499
1117823912
701940603
727314096
6077936595
416509616
675947395
1335779559
7832390734
121319147
972101910
1351032656
468243468
957979173
452448571
92063345
56819867
7153781412
1007930417
2052319416
5483975068
918762714
142162369
2087110525
7990232645
969164520
6009533064
7952176812
1341468839
1320898145
1574044096
902887158
774332938
5844640334
5618849963
459059895
701526944
417108844
1516811985
1850919
5447444352
7029043193
5310920345
1610653579
982685776
6350044012
7460268039
5069858266
1199887273
8197083750
888772777
7153220690
5547714469
977212005
922432928
163667397
1218915606
820453068
5198046220
5266550339
1206668425
927218394
5663948590
1097979410
1083081918
7990270423
1239017292
440739450
6997955717
7609696662
1017287388
990211833
1043904738
661959760
1011831772
8226369040
951886316
5990541409
6893077590
644348587
6767511793
387535063
104601583
6100450784
61740816
1131051748
464862521
1068930595
6177407856
940124714
6664497441
7531738407
904806936
460605902
316423461
7339246778
455756352
719800331
7078310233
1119818100
1264592277
7141358036
1980087820
5291911829
7304752598
539318989
666827762
7382042273
1303729577
7560702754
303077267
447887811
670428282
7020320527
5446100474
6475703407
1771818224
299993535
5349149970
8162597561
6117851129
6046343233
36514431
269457595
7632754244
534427007
8569427978
399240846
148322583
5612616082
577131735
8337354514
5333681040
5555608717
1466643494
135610959
117550111
392851555
587030247
7574615355
7986439064
422187949
6813290878
1083367105
269622154
386711739
8012468691
8240440371
170388992
1455575703
5321308579
1561600276
1184241338
1025638591
6348519098
1488609953
1798357610
7821739507
8326074752
1248902604
196505221
6523407562
6078849796
1773842060
6054277368
8575736033