64407030
963080346
3964001
388358238
7077998365
1421026620
347587380
1716041588
908909848
583401403
1364050022
828091313
1322384878
6246315740
973957004
5967952100
130735757
1309364351
53960282
522002143
1996942611
5849899058
1842561806
299402781
216383643
569337644
6965238735
540643861
5773415887
7159708403
1309091485
1655585249
5047574160
5437162088
5356451020
7531738407
5964416638
1010949968
1197507898
6054277368
396614502
322876545
519760448
5517745817
224419044
8009865135
7980344760
7941352976
5299277663
6204645839
7694970516
5984378993
1282540315
1348136086
5229777743
5875370439
349250870
683267321
5906542891
6789505147
7067235339
5875370349
7221099051
7619270504
1170147841
482283985
1218845111
6520717123
401366501
5118627360
7544523995
6677376461
5850421694
6794739894
1928709128
6682931105
794444363
392851555
5646143441
7937223128
1487965004
5121300540
7642501114
7333812204
884856013
926174184
6926942434
430039416
576139109
1018446936
7194407593
6468344147
7620316935
6689805323
5729679378
5167859559
5809657261
8435878367
1347651401
6162851393
6038137878
5934755708
247203823
642727984
7239131108
1455575703
747946479
1863611627
1203878910
7034986101
7780105956
2062702076
8308757933
7989100196

6961242875
1530870980
5552195863
1452787684
6242196973
6249422673
